MASTER,HOMBRE,MUJER,TOTAL
Máster Erasmus Mundus en el Color en la Informática y la Tecnología de los Medios / Erasmus Mundus in Color in Informatics and Media Technology (CIMET),4,1,5
Máster Erasmus Mundus en Estudios de las Mujeres y de Género,8,69,77
Máster Universitario en Abogacía,33,44,77
Máster Universitario en Análisis Biológico y Diagnóstico de Laboratorio,4,17,21
Máster Universitario en Antropología Física y Forense ,21,52,73
Máster Universitario en Arqueología ,29,34,63
"Máster Universitario en Arqueología Prehistórica, del mundo Antiguo y Medieval",0,1,1
Máster Universitario en Arqueología y Territorio ,0,1,1
Máster Universitario en Artes Visuales y Educación. Un enfoque Construccionista,6,26,32
Máster Universitario en Atención Farmacéutica EUROPHARMNES,11,10,21
Máster Universitario en Avances en Calidad y Tecnología Alimentaria,8,36,44
Máster Universitario en Avances en Radiología Diagnóstica y Terapéutica y Medicina Física,8,22,30
Máster Universitario en Biología Agraria y Acuicultura,5,8,13
Máster Universitario en Biología Molecular Aplicada a Empresas Biotecnológicas (Bioenterprise),12,18,30
Máster Universitario en Biomedicina Regenerativa,7,28,35
Máster Universitario en Biotecnología ,16,12,28
Máster Universitario en Ciencia y Tecnología en Patrimonio Arquitectónico,20,10,30
Máster Universitario en Ciencias de la Antigüedad y Edad Media,1,0,1
Máster Universitario en Claves del Mundo Contemporáneo,4,2,6
"Máster Universitario en Condicionantes Genéticos, Nutricionales y Ambientales del Crecimiento y Desarrollo",7,24,31
"Máster Universitario en Conservación, Gestión y Restauración de la Biodiversidad",21,19,40
"Máster Universitario en Cooperación al Desarrollo, Gestión Pública y de las ONGDs",11,39,50
Máster Universitario en Criminalidad e Intervención Social en Menores,9,55,64
"Máster Universitario en Cuidados de Salud en la Discapacidad, la Dependencia y el Final de la Vida",0,1,1
Máster Universitario en Cuidados de Salud para la Promoción de la Autonomía de las Personas y la Atención a los Procesos del Fin de la Vida,4,27,31
"Máster Universitario en Cultura de Paz, Conflictos, Educación y Derechos Humanos",13,29,42
Máster Universitario en Culturas Árabe y Hebrea. Pasado y Presente,5,12,17
Máster Universitario en Derecho Constitucional Europeo ,1,2,3
Máster Universitario en Derecho de los Negocios,19,20,39
Máster Universitario en Derecho Internacional y Relaciones Internacionales,19,33,52
"Máster Universitario en Derecho Sanitario, Bioética y Derecho a la Salud en la Unión Europea",10,12,22
Máster Universitario en Desarrollo del Software,40,3,43
"Máster Universitario en Dibujo - Creación, Producción y Difusión",13,20,33
Máster Universitario en Didáctica de la Matemática,11,14,25
Máster Universitario en Dirección y Gestión Pública,16,17,33
Máster Universitario en Diseños de Investigación y Aplicaciones en Psicología y Salud,4,10,14
Máster Universitario en Diversidad Cultural. Un Enfoque Multidisciplinar y Transfronterizo,6,21,27
Máster Universitario en Economía y Organización de Empresas ,17,9,26
Máster Universitario en Economía/Economics,15,12,27
Máster Universitario en Educación Musical: Una Perspectiva Multidisciplinar,10,23,33
Máster Universitario en Educación Social: Investigación y Desarrollo Profesional,8,29,37
Máster Universitario en Educador / Educadora Ambiental,1,13,14
Máster Universitario en El Análisis Geográfico en la Ordenación del Territorio. Tecnologías de la Información Geográfica,7,10,17
"Máster Universitario en Enseñanza de ELE: Lengua, Cultura y Metodología",19,41,60
Máster Universitario en Estadística Aplicada,35,28,63
Máster Universitario en Estructuras,28,7,35
"Máster Universitario en Estudios e Intervención Social en Inmigración, Desarrollo y Grupos Vulnerables",6,33,39
Máster Universitario en Estudios Latinoamericanos: Cultura y Gestión,15,23,38
Máster Universitario en Estudios Literarios y Teatrales,10,13,23
Máster Universitario en Estudios Migratorios. Desarrollo e Intervención Social,1,0,1
Máster Universitario en Estudios Superiores de Filología y Tradición Clásicas,6,6,12
Máster Universitario en Estudios Superiores de Lengua Española,15,24,39
Máster Universitario en Filosofía Contemporánea,16,3,19
Máster Universitario en Física y Matemáticas ,25,7,32
Máster Universitario en Genética y Evolución,4,15,19
Máster Universitario en Geofísica y Meteorología,19,10,29
Máster Universitario en Geología,1,1,2
Máster Universitario en Geología Aplicada a la Obra Civil y los Recursos Hídricos,9,5,14
"Máster Universitario en Gerontología, Dependencia y Protección de los Mayores",3,32,35
Máster Universitario en Gestión y Seguridad Integral en la Edificación,36,23,59
Máster Universitario en Gestión y Tecnologías de Procesos de Negocio,24,10,34
Máster Universitario en Hidráulica Ambiental,6,5,11
Máster Universitario en Historia del Arte. Conocimiento y Tutela del Patrimonio Histórico,12,27,39
"Máster Universitario en Historia: De Europa a América. Sociedades, Poderes, Culturas (EURAME)",13,5,18
"Máster Universitario en Información Científica: Tratamiento, Acceso y Evaluación",1,0,1
Máster Universitario en Información y Comunicación Científica,10,16,26
Máster Universitario en Ingeniería Acústica,18,3,21
Máster Universitario en Ingeniería Acústica: Contaminación Acústica,2,0,2
Máster Universitario en Ingeniería de Computadores y Redes,22,3,25
Máster Universitario en Ingeniería Tisular,14,12,26
Máster Universitario en Interpretación de Conferencias,7,11,18
Máster Universitario en Intervención Psicopedagógica,6,26,32
Máster Universitario en Investigación e Innovación en Currículum y Formación,9,22,31
Máster Universitario en Investigación en Actividad Física y Deporte,37,12,49
Máster Universitario en Investigación Odontológica,6,15,21
Máster Universitario en Investigación y Avances en Análisis Biológico y Diagnóstico de Laboratorio,0,1,1
Máster Universitario en Investigación y Avances en Inmunología Molecular y Celular,6,10,16
Máster Universitario en Investigación y Avances en Medicina Preventiva y Salud Pública,7,18,25
Máster Universitario en Investigación y Avances en Microbiología,7,15,22
"Máster Universitario en Investigación, Desarrollo, Control e Innovación de Medicamentos",10,15,25
Máster Universitario en La Monarquía Católica. El Siglo de Oro Español y la Europa Barroca,1,0,1
Máster Universitario en Lingüística y Literatura Inglesas,9,28,37
Máster Universitario en Marketing y Comportamiento del Consumidor,21,17,38
Máster Universitario en Matemáticas,15,12,27
Máster Universitario en Métodos y Técnicas Avanzadas en Física,1,1,2
Máster Universitario en Neurociencia Cognitiva y del Comportamiento ,14,24,38
Máster Universitario en Neurociencia y Dolor,11,26,37
Máster Universitario en Nutrición Humana,18,24,42
Máster Universitario en Patrimonio Musical,28,19,47
Máster Universitario en Prevención de Riesgos Laborales,27,33,60
Máster Universitario en Problemas Sociales. Dirección y Gestión de Programas Sociales,11,28,39
Máster Universitario en Producción e Investigación en Arte,16,29,45
"Máster Universitario en Profesorado de Enseñanza Secundaria Obligatoria y Bachillerato, Formación Profesional y Enseñanza de Idiomas",273,345,618
Máster Universitario en Psicología de la Intervención Social,9,28,37
Máster Universitario en Psicología de la Salud,2,0,2
Máster Universitario en Química,1,0,1
Máster Universitario en Seguridad Integral en Edificación ,3,7,10
Máster Universitario en Soft Computing y Sistemas Inteligentes,23,11,34
Máster Universitario en Técnicas Cuantitativas en Gestión Empresarial,12,15,27
Máster Universitario en Técnicas y Ciencias de la Calidad del Agua (IDEA),12,11,23
Máster Universitario en Tecnologías Multimedia,3,0,3
Máster Universitario en Traducción e Interpretación,4,11,15
Máster Universitario en Urbanismo,17,8,25
Máster Universitario Erasmus Mundus en Excelencia en Salud Pública / Europubhealth,2,2,4
Máster Universitario Erasmus Mundus en Formación de Profesionales de la Formación (Mundusfor),1,0,1
