"MASTER","HOMBRE","MUJER","TOTAL"
"Máster Universitario en Abogací­a",73,95,168
"Máster Universitario en Análisis Biológico y Diagnóstico de Laboratorio",4,17,21
"Máster Universitario en Antropologí­a Fí­sica y Forense",14,49,63
"Máster Universitario en Arqueologí­a",37,33,70
"Máster Universitario en Arqueologí­a Prehistórica, del mundo Antiguo y Medieval",1,1,2
"Máster Universitario en Artes Visuales y Educación. Un enfoque Construccionista",5,18,23
"Máster Universitario en Atención Farmacéutica EUROPHARMNES",8,11,19
"Máster Universitario en Auditorí­a",13,17,30
"Máster Universitario en Avances en Biologí­a Agraria y Acuicultura",18,11,29
"Máster Universitario en Avances en Calidad y Tecnologí­a Alimentaria",14,28,42
"Máster Universitario en Avances en Radiologí­a Diagnóstica y Terapéutica y Medicina Fí­sica",9,9,18
"Máster Universitario en Biologí­a Agraria y Acuicultura",0,3,3
"Máster Universitario en Biologí­a Molecular Aplicada a Empresas Biotecnológicas (Bioenterprise)",14,19,33
"Máster Universitario en Biomedicina Regenerativa",14,20,34
"Máster Universitario en Biotecnologí­a",18,16,34
"Máster Universitario en Ciencia de Datos e Ingenierí­a de Computadores",27,8,35
"Máster Universitario en Ciencia y Tecnologí­a en Patrimonio Arquitectónico",8,8,16
"Máster Universitario en Ciencias y Tecnologí­as Quí­micas, KHEMIA",4,6,10
"Máster Universitario en Claves del Mundo Contemporáneo",2,1,3
"Máster Universitario en Condicionantes Genéticos, Nutricionales y Ambientales del Crecimiento y Desarrollo",6,20,26
"Máster Universitario en Conservación, Gestión y Restauración de la Biodiversidad",11,29,40
"Máster Universitario en Cooperación al Desarrollo, Gestión Pública y de las ONGs",14,41,55
"Máster Universitario en Criminalidad e Intervención Social en Menores",8,55,63
"Máster Universitario en Cuidados de Salud para la Promoción de la Autonomí­a de las Personas y la Atención a los Procesos del Fin de la Vida",7,25,32
"Máster Universitario en Cultura de Paz, Conflictos, Educación y Derechos Humanos",20,27,47
"Máster Universitario en CulturasÁrabe y Hebrea. Pasado y Presente",1,1,2
"Máster Universitario en Derecho Constitucional EuropeoÂ ",2,8,10
"Máster Universitario en Derecho de los Negocios",21,14,35
"Máster Universitario en Derecho Internacional y Relaciones Internacionales",19,32,51
"Máster Universitario en Derecho Sanitario, Bioética y Derecho a la Salud en la Unión Europea",9,12,21
"Máster Universitario en Desarrollo del Software",25,4,29
"Máster Universitario en Dibujo - Creación, Producción y Difusión",12,16,28
"Máster Universitario en Didáctica de la Matemática",11,13,24
"Máster Universitario en Dirección y Gestión Pública",20,10,30
"Máster Universitario en Diseños de Investigación y Aplicaciones en Psicologí­a y Salud",0,1,1
"Máster Universitario en Diseños y Aplicaciones en Psicologí­a y Salud",0,2,2
"Máster Universitario en Diversidad Cultural. Un Enfoque Multidisciplinar y Transfronterizo",8,13,21
"Máster Universitario en Economí­a y Organización de EmpresasÂ ",15,11,26
"Máster Universitario en Economí­a/Economics",21,8,29
"Máster Universitario en Educación Musical: Una Perspectiva Multidisciplinar",6,14,20
"Máster Universitario en Educación Social: Investigación y Desarrollo Profesional",7,31,38
"Máster Universitario en Educador / Educadora Ambiental",8,6,14
"Máster Universitario en El Análisis Geográfico en la Ordenación del Territorio. Tecnologí­as de la Información Geográfica",3,2,5
"Máster Universitario en Enseñanza de Español Lengua Extranjera: Lengua, Cultura y Metodologí­a",12,29,41
"Máster Universitario en Estadí­stica Aplicada",26,31,57
"Máster Universitario en Estructuras",23,5,28
"Máster Universitario en Estudios de Asia Oriental",9,17,26
"Máster Universitario en Estudios e Intervención Social en Inmigración, Desarrollo y Grupos Vulnerables",9,31,40
"Máster Universitario en Estudios Latinoamericanos: Cultura y Gestión",11,23,34
"Máster Universitario en Estudios Literarios y Teatrales",7,12,19
"Máster Universitario en Estudios Migratorios. Desarrollo e Intervención Social",1,0,1
"Máster Universitario en Estudios Superiores de Filologí­a y Tradición Clásicas",3,1,4
"Máster Universitario en Estudios Superiores de Lengua Española",6,25,31
"Máster Universitario en Filosofí­a Contemporánea",13,8,21
"Máster Universitario en Fí­sica y Matemáticas",25,6,31
"Máster Universitario en Fí­sica: Radiaciones, Nanotecnologí­a, Partí­culas y Astrofí­sica",19,3,22
"Máster Universitario en Genética y Evolución",11,19,30
"Máster Universitario en Geofí­sica y Meteorologí­a",17,18,35
"Máster Universitario en Geologí­a Aplicada a la Obra Civil y los Recursos Hí­dricos",2,0,2
"Máster Universitario en Geologí­a Aplicada a los Recursos Minerales y Energéticos (GEOREC)",12,7,19
"Máster Universitario en Gerontologí­a, Dependencia y Protección de los Mayores",8,32,40
"Máster Universitario en Gestión y Seguridad Integral en la Edificación",24,23,47
"Máster Universitario en Gestión y Tecnologí­as de Procesos de Negocio",21,10,31
"Máster Universitario en Hidráulica Ambiental",4,8,12
"Máster Universitario en Historia del Arte. Conocimiento y Tutela del Patrimonio Histórico",16,15,31
"Máster Universitario en Historia del Arte: Conocimiento y Tutela del Patrimonio Histórico",0,1,1
"Máster Universitario en Historia: De Europa a América. Sociedades, Poderes, Culturas (EURAME)",21,7,28
"Máster Universitario en Información y Comunicación Cientí­fica",13,22,35
"Máster Universitario en Ingenierí­a Acústica",8,3,11
"Máster Universitario en Ingenierí­a Acústica: Contaminación Acústica",2,0,2
"Máster Universitario en Ingenierí­a de Caminos, Canales y Puertos",38,12,50
"Máster Universitario en Ingenierí­a de Computadores y Redes",5,0,5
"Máster Universitario en Ingenierí­a de Telecomunicación",17,1,18
"Máster Universitario en Ingenierí­a Informática",14,0,14
"Máster Universitario en Ingenierí­a Quí­mica",8,3,11
"Máster Universitario en Ingenierí­a Tisular",15,10,25
"Máster Universitario en Interpretación de Conferencias",5,13,18
"Máster Universitario en Intervención Psicopedagógica",8,23,31
"Máster Universitario en Investigación e Innovación en Currí­culum y Formación",10,16,26
"Máster Universitario en Investigación en Actividad Fí­sica y Deporte",39,10,49
"Máster Universitario en Investigación Odontológica",5,16,21
"Máster Universitario en Investigación y Avances en Inmunologí­a Molecular y Celular",11,10,21
"Máster Universitario en Investigación y Avances en Medicina Preventiva y Salud Pública",6,20,26
"Máster Universitario en Investigación y Avances en Microbiologí­a",10,20,30
"Máster Universitario en Investigación, Desarrollo, Control e Innovación de Medicamentos",9,11,20
"Máster Universitario en Lingüí­stica y Literatura Inglesas",7,27,34
"Máster Universitario en Literatura y Lingüí­stica Inglesas",0,1,1
"Máster Universitario en Lógica y Filosofí­a de la Ciencia",3,1,4
"Máster Universitario en Marketing y Comportamiento del Consumidor",13,22,35
"Máster Universitario en Matemáticas",17,7,24
"Máster Universitario en Neurociencia Cognitiva y del Comportamiento",11,20,31
"Máster Universitario en Neurociencia y Dolor",8,15,23
"Máster Universitario en Nutrición Humana",20,20,40
"Máster Universitario en Óptica y Optometrí­a Avanzadas",0,10,10
"Máster Universitario en Patrimonio Musical",21,27,48
"Máster Universitario en Prevención de Riesgos Laborales",28,37,65
"Máster Universitario en Problemas Sociales. Dirección y Gestión de Programas Sociales",14,22,36
"Máster Universitario en Problemas Sociales: Dirección y Gestión de Programas Sociales",0,1,1
"Máster Universitario en Producción e Investigación en Arte",16,20,36
"Máster Universitario en Profesorado de Educación Secundaria Obligatoria y Bachillerato, Formación Profesional y Enseñanza de Idiomas",1,0,1
"Máster Universitario en Profesorado de Enseñanza Secundaria Obligatoria y Bachillerato, Formación Profesional y Enseñanza de Idiomas",378,408,786
"Máster Universitario en Profesorado de Enseñanza Secundaria Obligatoria y Bachillerato, Formación Profesional y Enseñanza de Idiomasdiomas",2,0,2
"Máster Universitario en Psicologí­a de la Intervención Social",5,28,33
"Máster Universitario en Psicologí­a de la Salud",0,2,2
"Máster Universitario en Psicologí­a General Sanitaria",7,24,31
"Máster Universitario en Rehabilitación Arquitectónica",16,11,27
"Máster Universitario en Seguridad Integral en Edificación",2,2,4
"Máster Universitario en Soft Computing y Sistemas Inteligentes",2,1,3
"Máster Universitario en Técnicas Cuantitativas en Gestión Empresarial",6,6,12
"Máster Universitario en Técnicas y Ciencias de la Calidad del Agua (IDEA)",17,15,32
"Máster Universitario en Tecnologí­as Multimedia",1,0,1
"Máster Universitario en Traducción e Interpretación",1,3,4
"Máster Universitario en Traducción Profesional",4,14,18
"Máster Universitario en Urbanismo",12,6,18
"Máster Universitario Erasmus Mundus en Color en la Informática y la Tecnologí­a de los Medios / Erasmus Mundus in Color in Informatics and Media Technology (Cimet)",4,2,6
"Máster Universitario Erasmus Mundus en Estudios de las Mujeres y de Género",5,77,82
"Máster Universitario Erasmus Mundus en Excelencia en Salud Pública Europubhealth",0,7,7
