MASTER,MUJER,HOMBRE,TOTAL
Máster Universitario en Abogací­a,114,76,190
Máster Universitario en Análisis Biológico y Diagnóstico de Laboratorio,21,1,22
"Máster Universitario en Análisis y Gestión del Territorio. Planificación, Gobernanza y Liderazgo Territorial",10,22,32
Máster Universitario en Antropologí­a Fí­sica y Forense,34,19,53
Máster Universitario en Arqueologí­a,32,35,67
Máster Universitario en Artes Visuales y Educación. Un enfoque Construccionista,24,8,32
Máster Universitario en Arquitectura,7,17,24
"Máster Universitario en Asesoría Laboral, Fiscal y Jurídica de la Empresa",31,16,47
Máster Universitario en Atención Farmacéutica EUROPHARMNES,5,2,7
Máster Universitario en Auditorí­a,13,17,30
Máster Universitario en Avances en Biologí­a Agraria y Acuicultura,11,9,20
Máster Universitario en Avances en Calidad y Tecnologí­a Alimentaria,30,12,42
Máster Universitario en Avances en Radiologí­a Diagnóstica y Terapéutica y Medicina Fí­sica,18,17,35
Máster Universitario en Biologí­a Agraria y Acuicultura,20,8,28
Máster Universitario en Biologí­a Molecular Aplicada a Empresas Biotecnológicas (Bioenterprise),14,19,33
Máster Universitario en Biomedicina Regenerativa,17,11,28
Máster Universitario en Biotecnologí­a,17,20,37
Máster Universitario en Ciencia de Datos e Ingenierí­a de Computadores,12,58,70
Máster Universitario en Ciencia y Tecnología de Coloides e Interfases,0,1,1
Máster Universitario en Ciencia y Tecnologí­a en Patrimonio Arquitectónico,14,6,20
"Máster Universitario en Ciencias y Tecnologí­as Quí­micas, KHEMIA",8,10,18
Máster Universitario en Claves del Mundo Contemporáneo,0,1,1
"Máster Universitario en Condicionantes Genéticos, Nutricionales y Ambientales del Crecimiento y Desarrollo",106,18,124
"Máster Universitario en Conservación, Gestión y Restauración de la Biodiversidad",23,18,41
"Máster Universitario en Cooperación al Desarrollo, Gestión Pública y de las ONGs",43,20,63
Máster Universitario en Criminalidad e Intervención Social en Menores,64,8,72
Máster Universitario en Cuidados de Salud para la Promoción de la Autonomí­a de las Personas y la Atención a los Procesos del Fin de la Vida,29,7,36
"Máster Universitario en Cultura de Paz, Conflictos, Educación y Derechos Humanos",29,15,44
Máster Universitario en Culturas Árabe y Hebrea: Al-Andalus y Mundo Árabe Contemporáneo,15,8,23
Máster Universitario en Culturas Árabe y Hebrea. Pasado y Presente,1,0,1
Máster Universitario en Derecho Constitucional Europeo,6,2,8
Máster Universitario en Derecho de los Negocios,14,13,27
Máster Universitario en Derecho Internacional y Relaciones Internacionales,28,19,47
"Máster Universitario en Derecho Sanitario, Bioética y Derecho a la Salud en la Unión Europea",8,10,18
Máster Universitario en Desarrollo del Software,1,8,9
"Máster Universitario en Dibujo - Creación, Producción y Difusión",10,8,18
Máster Universitario en Didáctica de la Matemática,20,12,32
Máster Universitario en Dirección y Gestión Pública,10,19,29
Máster Universitario en Diversidad Cultural. Un Enfoque Multidisciplinar y Transfronterizo,17,4,21
Máster Universitario en Economí­a y Organización de Empresas,13,6,19
Máster Universitario en Economí­a/Economics,7,18,25
Máster Universitario en Educación Musical: Una Perspectiva Multidisciplinar,19,5,24
Máster Universitario en Educación Social: Investigación y Desarrollo Profesional,36,3,39
Máster Universitario en Educador / Educadora Ambiental,10,6,16
"Máster Universitario en Enseñanza de Español Lengua Extranjera: Lengua, Cultura y Metodologí­a",26,13,39
Máster Universitario en Estadí­stica Aplicada,28,37,65
Máster Universitario en Estructuras,6,13,19
Máster Universitario en Estudios de Asia Oriental,11,6,17
"Máster Universitario en Estudios e Intervención Social en Inmigración, Desarrollo y Grupos Vulnerables",21,14,35
Máster Universitario en Estudios Latinoamericanos: Cultura y Gestión,31,15,36
Máster Universitario en Estudios Literarios y Teatrales,16,5,21
Máster Universitario en Estudios Migratorios. Desarrollo e Intervención Social,1,2,3
Máster Universitario en Estudios Superiores de Filologí­a y Tradición Clásicas,1,6,7
Máster Universitario en Estudios Superiores de Lengua Española,23,10,33
Máster Universitario en Filosofí­a Contemporánea,5,12,17
Máster Universitario en Fí­sica y Matemáticas,5,21,26
"Máster Universitario en Fí­sica: Radiaciones, Nanotecnologí­a, Partí­culas y Astrofí­sica",3,12,15
Máster Universitario en Genética y Evolución,19,13,32
Máster Universitario en Geofí­sica y Meteorologí­a,14,15,29
Máster Universitario en Geologí­a Aplicada a los Recursos Minerales y Energéticos (GEOREC),6,16,22
"Máster Universitario en Gerontologí­a, Dependencia y Protección de los Mayores",26,11,37
Máster Universitario en Gestión y Seguridad Integral en la Edificación,14,19,33
Máster Universitario en Gestión y Tecnologí­as de Procesos de Negocio,6,23,29
Máster Universitario en Hidráulica Ambiental,2,11,13
Máster Universitario en Historia del Arte. Conocimiento y Tutela del Patrimonio Histórico,13,7,20
"Máster Universitario en Historia: De Europa a América. Sociedades, Poderes, Culturas (EURAME)",11,32,43
Máster Universitario en Información y Comunicación Cientí­fica,18,16,34
Máster Universitario en Ingenierí­a Acústica,7,9,16
Máster Universitario en Ingenierí­a Acústica: Contaminación Acústica,0,1,1
"Máster Universitario en Ingenierí­a de Caminos, Canales y Puertos",25,99,124
Máster Universitario en Ingenierí­a de Computadores y Redes,0,1,1
Máster Universitario en Ingenierí­a de Telecomunicación,3,44,47
Máster Universitario en Ingenierí­a Informática,0,19,19
Máster Universitario en Ingenierí­a Quí­mica,15,18,33
Máster Universitario en Ingenierí­a Tisular,26,11,37
Máster Universitario en Ingenierí­a Urbanísmo,2,3,5
Máster Universitario en Interpretación de Conferencias,17,8,25
Máster Universitario en Intervención Psicopedagógica,26,5,31
Máster Universitario en Investigación e Innovación en Currí­culum y Formación,30,11,41
Máster Universitario en Investigación en Actividad Fí­sica y Deporte,11,29,40
Máster Universitario en Investigación Odontológica,6,5,11
Máster Universitario en Investigación y Avances en Inmunologí­a Molecular y Celular,16,10,26
Máster Universitario en Investigación y Avances en Medicina Preventiva y Salud Pública,25,11,36
Máster Universitario en Investigación y Avances en Microbiologí­a,15,14,29
"Máster Universitario en Investigación, Desarrollo, Control e Innovación de Medicamentos",21,8,29
Máster Universitario en Investigación Logopedagógica en Trastornos Degenerativos y Daño Colateral,15,1,16
Máster Universitario en Ingenierí­a Traslacional y Medicina Personalizada,12,9,21
Máster Universitario en Lenguas y Culturas Modernas,10,6,16
Máster Universitario en Lingüí­stica y Literatura Inglesas,18,4,22
Máster Universitario en Lógica y Filosofí­a de la Ciencia,3,6,9
Máster Universitario en Marketing y Comportamiento del Consumidor,33,16,49
Máster Universitario en Matemáticas,17,31,48
Máster Universitario en Neurociencia Cognitiva y del Comportamiento,19,10,29
Máster Universitario en Neurociencia y Dolor,18,8,26
Máster Universitario en Nuevos Medios Interactivos y Periodismo Multimedia,13,8,21
Máster Universitario en Nutrición Humana,27,14,41
Máster Universitario en Óptica y Optometrí­a Avanzadas,4,3,7
Máster Universitario en Patrimonio Musical,23,25,48
Máster Universitario en Prevención de Riesgos Laborales,36,23,59
Máster Universitario en Problemas Sociales. Dirección y Gestión de Programas Sociales,29,4,33
Máster Universitario en Producción e Investigación en Arte,14,15,29
"Máster Universitario en Profesorado de Educación Secundaria Obligatoria y Bachillerato, Formación Profesional y Enseñanza de Idiomas",504,372,876
Máster Universitario en Psicologí­a de la Intervención Social,28,6,34
Máster Universitario en Psicologí­a General Sanitaria,52,10,62
Máster Universitario en Rehabilitación Arquitectónica,17,22,39
Máster Universitario en Seguridad Integral en Edificación,0,1,1
Máster Universitario en Soft Computing y Sistemas Inteligentes,0,1,1
Máster Universitario en Técnicas Cuantitativas en Gestión Empresarial,14,16,30
Máster Universitario en Técnicas y Ciencias de la Calidad del Agua (IDEA),13,19,32
Máster Universitario en Traducción e Interpretación,1,0,1
Máster Universitario en Traducción Profesional,32,15,47
Máster Universitario en Ingeniería Urbanismo,2,3,5
Máster Universitario Erasmus Mundus en Color en la Informática y la Tecnologí­a de los Medios / Erasmus Mundus in Color in Informatics and Media Technology (Cimet),1,0,1
Máster Universitario Erasmus Mundus en Estudios de las Mujeres y de Género,101,8,109
Máster Universitario Erasmus Mundus en Excelencia en Salud Pública Europubhealth,3,5,8
Máster Universitario Erasmus Mundus en Ciencia y Tecnología del Color / Color in Science and Industry,4,10,14
